final_loss: 1.4432809621212073e-05
final_physics_loss: 9.532551302982029e-06
final_bc_loss: 3.7555801668531785e-07
final_ic_loss: 1.1446782366419939e-07
